ts,open,high,low,close,volume
2023-05-01,163.60000610351562,164.3000030517578,162.24000549316406,163.60000610351562,4893400
2023-05-02,164.33999633789062,165.47999572753906,163.55999755859375,165.02999877929688,7541700
2023-05-03,165.5500030517578,166.17999267578125,162.50999450683594,162.8699951171875,5937200
2023-05-04,162.67999267578125,162.89999389648438,161.25,162.1300048828125,5128000
2023-05-05,162.83999633789062,163.1300048828125,161.69000244140625,162.67999267578125,5194500
2023-05-08,161.99000549316406,162.57000732421875,161.33999633789062,162.30999755859375,4994900
2023-05-09,161.75,162.1300048828125,160.7899932861328,161.0500030517578,5520500
2023-05-10,161.1999969482422,161.97000122070312,160.05999755859375,161.64999389648438,6756600
2023-05-11,161.8300018310547,162.19000244140625,159.38999938964844,160.99000549316406,5867600
2023-05-12,161.36000061035156,161.55999755859375,160.00999450683594,160.77999877929688,3904200
2023-05-15,160.8000030517578,161.02999877929688,158.94000244140625,159.5500030517578,5104500
2023-05-16,159.05999755859375,160.25,158.52999877929688,159.33999633789062,5599200
2023-05-17,159.7899932861328,160.05999755859375,157.77000427246094,158.99000549316406,6840700
2023-05-18,158.66000366210938,158.92999267578125,157.55999755859375,158.47999572753906,5173000
2023-05-19,158.58999633789062,159.92999267578125,158.13999938964844,158.91000366210938,6527100
2023-05-22,158.0,159.13999938964844,156.77999877929688,156.8699951171875,5675900
2023-05-23,157.10000610351562,158.27000427246094,156.3699951171875,156.80999755859375,5793000
2023-05-24,157.0800018310547,157.13999938964844,155.9199981689453,156.66000366210938,5015100
2023-05-25,156.0500030517578,156.2899932861328,153.72000122070312,154.41000366210938,6886100
2023-05-26,154.69000244140625,155.27999877929688,154.1999969482422,154.35000610351562,6845400
2023-05-30,153.97000122070312,155.3800048828125,153.32000732421875,154.3699951171875,5593100
2023-05-31,154.6999969482422,155.69000244140625,153.85000610351562,155.05999755859375,11324600
2023-06-01,154.5399932861328,155.0399932861328,153.14999389648438,154.5399932861328,7901300
2023-06-02,154.72000122070312,157.30999755859375,154.08999633789062,156.97000122070312,7659700
2023-06-05,156.75,158.63999938964844,156.75,158.32000732421875,6430500
2023-06-06,159.5800018310547,159.61000061035156,157.39999389648438,158.17999267578125,5073600
2023-06-07,158.10000610351562,158.8000030517578,157.44000244140625,158.52000427246094,6504300
2023-06-08,158.5,160.4199981689453,157.82000732421875,160.25999450683594,5818400
2023-06-09,160.4199981689453,160.72999572753906,159.47000122070312,160.00999450683594,6264400
2023-06-12,160.0,160.25,158.72999572753906,159.89999389648438,6510600
2023-06-13,159.72999572753906,160.83999633789062,159.14999389648438,160.74000549316406,6066800
2023-06-14,161.60000610351562,162.0800018310547,160.97999572753906,161.55999755859375,6699100
2023-06-15,162.0500030517578,163.91000366210938,161.42999267578125,163.72999572753906,7138300
2023-06-16,164.47999572753906,164.99000549316406,163.8699951171875,164.22999572753906,13426600
2023-06-20,164.25999450683594,165.30999755859375,163.80999755859375,164.1300048828125,7995800
2023-06-21,163.5800018310547,164.9199981689453,162.69000244140625,163.8800048828125,7177500
2023-06-22,163.89999389648438,165.72000122070312,163.7899932861328,165.6199951171875,5485900
2023-06-23,166.11000061035156,166.27000427246094,165.02999877929688,165.47999572753906,9450700
2023-06-26,164.97999572753906,164.97999572753906,161.3300018310547,163.6300048828125,6978800
2023-06-27,163.67999267578125,163.8800048828125,162.44000244140625,163.2899932861328,4927500
2023-06-28,163.1999969482422,163.1999969482422,161.91000366210938,162.9600067138672,6780400
2023-06-29,162.63999938964844,164.32000732421875,162.22999572753906,164.10000610351562,4547500
2023-06-30,164.86000061035156,165.94000244140625,164.35000610351562,165.52000427246094,7580000
2023-07-03,164.33999633789062,164.38999938964844,162.9600067138672,163.35000610351562,4033700
2023-07-05,162.99000549316406,163.9199981689453,162.72999572753906,162.80999755859375,7224600
2023-07-06,162.25,162.3699951171875,161.0,161.60000610351562,6332500
2023-07-07,160.47000122070312,161.0399932861328,159.1999969482422,159.25,7022200
2023-07-10,159.42999267578125,160.3000030517578,159.0,159.50999450683594,5739200
2023-07-11,159.1300048828125,160.3000030517578,157.60000610351562,158.6300048828125,6606700
2023-07-12,158.94000244140625,158.94000244140625,157.8800048828125,158.0800018310547,6940400
2023-07-13,158.0,159.1300048828125,157.41000366210938,158.80999755859375,6401700
2023-07-14,159.17999267578125,160.22999572753906,158.97999572753906,159.8699951171875,5362200
2023-07-17,159.75,159.8699951171875,158.14999389648438,159.07000732421875,5486800
2023-07-18,159.07000732421875,160.88999938964844,158.19000244140625,159.05999755859375,6332500
2023-07-19,157.91000366210938,160.41000366210938,157.3300018310547,158.74000549316406,7522600
2023-07-20,161.94000244140625,169.13999938964844,161.3000030517578,168.3800048828125,21892900
2023-07-21,168.17999267578125,170.82000732421875,168.17999267578125,170.19000244140625,12080000
2023-07-24,171.5,173.82000732421875,170.99000549316406,171.0800018310547,15155400
2023-07-25,170.4499969482422,172.67999267578125,169.75,172.38999938964844,13790100
2023-07-26,172.0,173.85000610351562,171.39999389648438,172.72000122070312,14288200
2023-07-27,172.17999267578125,174.2899932861328,172.0399932861328,173.69000244140625,12446400
2023-07-28,174.0,175.36000061035156,173.22999572753906,174.47999572753906,14138800
2023-07-31,169.69000244140625,170.22000122070312,166.7100067138672,167.52999877929688,22632700
2023-08-01,166.3699951171875,169.08999633789062,166.05999755859375,168.88999938964844,15810300
2023-08-02,168.85000610351562,171.24000549316406,168.85000610351562,169.91000366210938,14595600
2023-08-03,169.9499969482422,171.32000732421875,169.6699981689453,170.63999938964844,17424800
2023-08-04,170.33999633789062,172.67999267578125,167.88999938964844,169.0399932861328,23415100
2023-08-07,169.49000549316406,173.33999633789062,169.36000061035156,173.10000610351562,17736400
2023-08-08,172.99000549316406,173.5500030517578,171.38999938964844,173.17999267578125,27378700
2023-08-09,173.0,174.25,172.0500030517578,173.07000732421875,42974400
2023-08-10,174.0,175.97000122070312,171.63999938964844,172.1699981689453,48213800
2023-08-11,172.47999572753906,173.9499969482422,171.6199951171875,173.85000610351562,45905600
2023-08-14,173.52000427246094,175.60000610351562,171.75,173.44000244140625,64036900
2023-08-15,172.8000030517578,174.55999755859375,172.13999938964844,172.94000244140625,88958100
2023-08-16,172.52999877929688,174.72999572753906,172.1300048828125,172.38999938964844,85832700
2023-08-17,172.86000061035156,175.38999938964844,172.75999450683594,174.00999450683594,70904200
2023-08-18,173.1699981689453,173.99000549316406,171.30999755859375,172.49000549316406,49631700
2023-08-21,169.69000244140625,169.85000610351562,165.9600067138672,167.35000610351562,151319500
2023-08-22,166.86000061035156,167.83999633789062,165.41000366210938,166.02000427246094,56834800
2023-08-23,165.89999389648438,166.5,163.47000122070312,164.52999877929688,119011400
2023-08-24,164.02999877929688,166.6699981689453,163.86000061035156,165.08999633789062,70755100
2023-08-25,164.3000030517578,167.77999877929688,164.05999755859375,166.25,18185500
2023-08-28,165.0,166.2100067138672,163.1699981689453,164.2899932861328,18458000
2023-08-29,164.8699951171875,165.67999267578125,162.77000427246094,164.30999755859375,12208600
2023-08-30,165.11000061035156,165.8300018310547,163.67999267578125,163.72999572753906,9939100
2023-08-31,163.3699951171875,163.57000732421875,161.27999877929688,161.67999267578125,15333000
2023-09-01,161.4199981689453,162.47999572753906,160.00999450683594,160.47999572753906,8610100
2023-09-05,160.55999755859375,161.97000122070312,160.27999877929688,160.67999267578125,9019800
2023-09-06,159.83999633789062,160.0,157.35000610351562,158.00999450683594,9753800
2023-09-07,159.13999938964844,161.05999755859375,158.97999572753906,160.02999877929688,9931800
2023-09-08,159.58999633789062,160.67999267578125,159.19000244140625,160.55999755859375,6957000
2023-09-11,161.05999755859375,162.69000244140625,160.4499969482422,162.66000366210938,6309300
2023-09-12,162.22000122070312,163.92999267578125,161.52999877929688,163.5800018310547,6045800
2023-09-13,163.75999450683594,164.9499969482422,163.0,163.99000549316406,7397500
2023-09-14,164.67999267578125,165.27000427246094,163.44000244140625,163.74000549316406,7758400
2023-09-15,163.97999572753906,164.82000732421875,161.2100067138672,161.4499969482422,13392100
2023-09-18,162.1199951171875,163.14999389648438,160.75,162.47000122070312,5789000
2023-09-19,162.25,162.85000610351562,161.3800048828125,162.1999969482422,5550800
2023-09-20,162.19000244140625,163.5399932861328,161.66000366210938,162.91000366210938,3837400
2023-09-21,162.57000732421875,163.5,161.58999633789062,161.66000366210938,4526700
2023-09-22,161.3000030517578,161.39999389648438,160.25,160.5,4976700
2023-09-25,160.07000732421875,160.36000061035156,158.72999572753906,160.25999450683594,6722500
2023-09-26,159.80999755859375,160.0800018310547,158.86000061035156,159.02000427246094,4904800
2023-09-27,158.5800018310547,158.75999450683594,155.25999450683594,157.11000061035156,10211600
2023-09-28,157.5,157.9600067138672,156.22000122070312,156.8800048828125,7861900
2023-09-29,157.3699951171875,157.60000610351562,155.35000610351562,155.75,7680700
2023-10-02,155.4199981689453,155.4199981689453,153.32000732421875,155.14999389648438,7259700
2023-10-03,154.67999267578125,155.5,153.88999938964844,155.33999633789062,5740800
2023-10-04,155.57000732421875,155.92999267578125,154.57000732421875,155.52000427246094,4955200
2023-10-05,156.27000427246094,158.0399932861328,156.07000732421875,157.13999938964844,5993300
2023-10-06,157.0800018310547,158.3000030517578,156.58999633789062,157.63999938964844,5802200
2023-10-09,157.17999267578125,158.8800048828125,157.08999633789062,158.5399932861328,4414100
2023-10-10,158.3800048828125,159.27000427246094,157.89999389648438,158.36000061035156,5273500
2023-10-11,158.4600067138672,159.0500030517578,156.0399932861328,156.17999267578125,6922900
2023-10-12,155.9199981689453,156.55999755859375,155.07000732421875,156.3300018310547,5792400
2023-10-13,156.72999572753906,157.36000061035156,156.0500030517578,156.85000610351562,5359800
2023-10-16,157.82000732421875,158.25,156.83999633789062,157.52999877929688,6408100
2023-10-17,155.97999572753906,158.9499969482422,154.61000061035156,156.08999633789062,12244400
2023-10-18,155.41000366210938,155.9499969482422,152.0500030517578,152.72999572753906,9097300
2023-10-19,151.6699981689453,153.11000061035156,150.14999389648438,152.32000732421875,7733800
2023-10-20,152.74000549316406,153.8699951171875,152.3300018310547,153.0,7207000
2023-10-23,152.86000061035156,153.5,151.2100067138672,151.38999938964844,5874000
2023-10-24,150.75,151.9600067138672,150.1300048828125,151.22999572753906,6155300
2023-10-25,151.24000549316406,152.1699981689453,150.22999572753906,151.57000732421875,5880800
2023-10-26,151.97000122070312,151.97000122070312,148.8800048828125,149.0,7612500
2023-10-27,148.49000549316406,148.66000366210938,144.9499969482422,145.60000610351562,11385800
2023-10-30,146.08999633789062,147.24000549316406,146.0,147.02999877929688,8205300
2023-10-31,147.5399932861328,148.5399932861328,146.63999938964844,148.33999633789062,7576900
2023-11-01,149.19000244140625,149.75999450683594,148.4600067138672,148.69000244140625,5733000
2023-11-02,147.7100067138672,150.39999389648438,147.5399932861328,150.24000549316406,5349100
2023-11-03,151.2100067138672,152.27000427246094,150.14999389648438,151.33999633789062,4926800
2023-11-06,151.77999877929688,152.42999267578125,151.3699951171875,151.6999969482422,4851400
2023-11-07,151.92999267578125,152.25,150.67999267578125,150.89999389648438,4840400
2023-11-08,151.35000610351562,151.8300018310547,150.33999633789062,150.35000610351562,5460000
2023-11-09,150.5,150.5,147.25999450683594,147.4199981689453,6973600
2023-11-10,148.25,148.5,145.63999938964844,147.25,6930700
2023-11-13,147.25,147.89999389648438,146.64999389648438,147.6300048828125,5889300
2023-11-14,147.63999938964844,148.5399932861328,146.97000122070312,147.66000366210938,6713600
2023-11-15,147.35000610351562,149.4199981689453,147.27000427246094,148.8000030517578,6729100
2023-11-16,149.5,150.1699981689453,148.63999938964844,150.10000610351562,6875600
2023-11-17,150.5500030517578,150.7899932861328,149.07000732421875,149.7899932861328,7023300
2023-11-20,147.91000366210938,150.39999389648438,147.5399932861328,149.91000366210938,8851700
2023-11-21,150.10000610351562,151.2899932861328,149.61000061035156,151.1199951171875,5916300
2023-11-22,151.6300048828125,152.0399932861328,150.38999938964844,150.82000732421875,4633500
2023-11-24,150.86000061035156,152.67999267578125,150.86000061035156,152.5,3351400
2023-11-27,152.2899932861328,152.32000732421875,150.97000122070312,151.27999877929688,6449700
2023-11-28,151.39999389648438,151.80999755859375,150.83999633789062,151.6300048828125,5909000
2023-11-29,151.3300018310547,152.1999969482422,151.07000732421875,152.11000061035156,5190000
2023-11-30,152.25999450683594,155.13999938964844,151.9199981689453,154.66000366210938,12481900
2023-12-01,156.44000244140625,158.4600067138672,155.47000122070312,158.3800048828125,10342900
2023-12-04,158.0,160.02000427246094,158.0,158.8800048828125,8920300
2023-12-05,158.8000030517578,159.6300048828125,158.22000122070312,158.5500030517578,7268200
2023-12-06,158.52000427246094,158.66000366210938,156.1699981689453,156.6199951171875,6642900
2023-12-07,156.5800018310547,156.5800018310547,154.7100067138672,155.39999389648438,6532400
2023-12-08,155.4199981689453,155.85000610351562,153.83999633789062,154.4199981689453,6254700
2023-12-11,154.5,155.47999572753906,154.35000610351562,155.05999755859375,6090400
2023-12-12,155.0,155.32000732421875,153.64999389648438,155.07000732421875,5324400
2023-12-13,153.66000366210938,155.94000244140625,151.77000427246094,155.7899932861328,10764600
2023-12-14,156.47000122070312,157.16000366210938,155.0500030517578,156.8699951171875,9240700
2023-12-15,155.49000549316406,156.69000244140625,153.75999450683594,155.16000366210938,21727800
2023-12-18,155.2100067138672,156.44000244140625,154.75999450683594,155.44000244140625,7231400
2023-12-19,155.3000030517578,156.5,154.94000244140625,156.4600067138672,6651500
2023-12-20,156.5399932861328,156.66000366210938,153.11000061035156,153.27000427246094,7008300
2023-12-21,153.69000244140625,155.1300048828125,153.3000030517578,154.83999633789062,4598600
2023-12-22,155.25,156.52999877929688,155.02000427246094,155.4600067138672,3798900
2023-12-26,155.0,156.35000610351562,154.85000610351562,156.13999938964844,4170000
2023-12-27,155.5,156.52000427246094,155.4199981689453,156.35000610351562,5288100
2023-12-28,156.0,157.24000549316406,155.99000549316406,156.5800018310547,4377500
2023-12-29,156.50999450683594,156.89999389648438,155.97999572753906,156.74000549316406,4313700
2024-01-02,156.92999267578125,161.63999938964844,156.7899932861328,159.97000122070312,9622100
2024-01-03,160.63999938964844,161.44000244140625,159.8000030517578,160.97000122070312,8232000
2024-01-04,161.58999633789062,161.97999572753906,160.4199981689453,160.6300048828125,6766600
2024-01-05,160.5,161.33999633789062,159.47000122070312,161.1300048828125,5602500
2024-01-08,161.10000610351562,161.66000366210938,159.61000061035156,161.52999877929688,6569800
2024-01-09,161.6300048828125,163.27999877929688,160.60000610351562,161.6300048828125,6357000
2024-01-10,161.82000732421875,162.6199951171875,161.1999969482422,161.8699951171875,4945100
2024-01-11,162.07000732421875,162.1999969482422,160.77999877929688,161.14999389648438,4946000
2024-01-12,161.83999633789062,162.47000122070312,161.69000244140625,162.38999938964844,4496900
2024-01-16,161.57000732421875,162.25,160.17999267578125,160.52000427246094,6923200
2024-01-17,160.25,161.3000030517578,159.8699951171875,160.42999267578125,5072100
2024-01-18,160.0,161.3699951171875,159.69000244140625,161.2100067138672,5368500
2024-01-19,161.14999389648438,161.9199981689453,160.27999877929688,161.67999267578125,7071300
2024-01-22,162.0,163.5800018310547,161.33999633789062,162.47000122070312,6824200
2024-01-23,159.66000366210938,160.50999450683594,156.91000366210938,159.80999755859375,9149800
2024-01-24,159.75,160.60000610351562,158.16000366210938,158.9600067138672,7247900
2024-01-25,159.0,159.6199951171875,158.47000122070312,159.55999755859375,5478900
2024-01-26,160.42999267578125,160.74000549316406,159.36000061035156,159.5,5591900
2024-01-29,159.00999450683594,160.07000732421875,158.9600067138672,159.36000061035156,6483200
2024-01-30,159.35000610351562,159.75999450683594,158.1300048828125,158.77000427246094,7200500
2024-01-31,160.39999389648438,160.6199951171875,158.6699981689453,158.89999389648438,8256800
2024-02-01,158.16000366210938,158.49000549316406,157.0500030517578,158.36000061035156,8012000
2024-02-02,157.97000122070312,158.30999755859375,155.94000244140625,156.61000061035156,8295900
2024-02-05,156.61000061035156,156.88999938964844,155.33999633789062,155.8000030517578,9121600
2024-02-06,155.8300018310547,158.72999572753906,155.60000610351562,158.05999755859375,9229900
2024-02-07,157.8000030517578,159.3699951171875,157.69000244140625,157.97999572753906,8690300
2024-02-08,157.33999633789062,157.33999633789062,155.30999755859375,156.39999389648438,9755000
2024-02-09,156.27000427246094,157.1999969482422,155.6699981689453,156.75999450683594,6529200
2024-02-12,156.5800018310547,158.41000366210938,156.35000610351562,157.85000610351562,6701500
2024-02-13,157.63999938964844,158.4499969482422,155.75,156.47000122070312,8621000
2024-02-14,156.35000610351562,156.4600067138672,154.83999633789062,155.74000549316406,9098800
2024-02-15,155.97999572753906,158.47999572753906,155.88999938964844,157.9199981689453,7462500
2024-02-16,156.60000610351562,157.25999450683594,155.6699981689453,156.5500030517578,8541000
2024-02-20,156.55999755859375,158.61000061035156,156.44000244140625,157.86000061035156,9501700
2024-02-21,158.02000427246094,158.69000244140625,157.1300048828125,158.67999267578125,7472500
2024-02-22,158.97999572753906,160.74000549316406,157.77000427246094,160.4499969482422,8065000
2024-02-23,160.8800048828125,162.25,160.16000366210938,161.83999633789062,6726000
2024-02-26,161.8000030517578,162.00999450683594,160.57000732421875,160.7899932861328,5465400
2024-02-27,160.33999633789062,161.0399932861328,159.63999938964844,160.97999572753906,5078600
2024-02-28,161.0,161.61000061035156,160.2899932861328,161.5500030517578,6071100
2024-02-29,162.0,162.19000244140625,160.94000244140625,161.3800048828125,9849100
2024-03-01,161.8300018310547,162.57000732421875,161.08999633789062,162.1199951171875,5670100
2024-03-04,161.32000732421875,161.61000061035156,158.27000427246094,159.83999633789062,8532900
2024-03-05,160.6199951171875,161.24000549316406,159.1999969482422,159.97000122070312,8298200
2024-03-06,159.4600067138672,160.92999267578125,159.22000122070312,159.33999633789062,5773700
2024-03-07,160.0,160.36000061035156,158.24000549316406,158.8699951171875,5188700
2024-03-08,158.8699951171875,160.38999938964844,158.42999267578125,159.52000427246094,5284000
2024-03-11,159.49000549316406,161.32000732421875,158.8800048828125,161.22999572753906,4620800
2024-03-12,161.5800018310547,163.11000061035156,161.1300048828125,162.74000549316406,8018700
2024-03-13,162.52999877929688,162.67999267578125,159.80999755859375,161.10000610351562,6260000
2024-03-14,160.94000244140625,161.5399932861328,158.69000244140625,159.2100067138672,6988300
2024-03-15,158.05999755859375,159.19000244140625,157.10000610351562,158.17999267578125,13165500
2024-03-18,158.57000732421875,158.69000244140625,156.5,156.75999450683594,6602300
2024-03-19,156.6699981689453,156.86000061035156,155.66000366210938,156.2100067138672,7840600
2024-03-20,155.6999969482422,156.44000244140625,155.2100067138672,155.75999450683594,5982300
2024-03-21,155.58999633789062,156.9499969482422,155.10000610351562,155.75,5915800
2024-03-22,155.69000244140625,156.36000061035156,155.11000061035156,155.22999572753906,7248600
2024-03-25,155.39999389648438,155.97999572753906,154.89999389648438,155.22000122070312,7498100
2024-03-26,155.61000061035156,156.22999572753906,154.75999450683594,155.77000427246094,6864100
2024-03-27,155.99000549316406,158.22000122070312,155.44000244140625,157.9600067138672,8461600
2024-03-28,158.1999969482422,159.13999938964844,158.11000061035156,158.19000244140625,6181500
2024-04-01,157.72000122070312,158.14999389648438,156.77000427246094,157.77999877929688,4364700
2024-04-02,156.57000732421875,157.8300018310547,155.9499969482422,157.72999572753906,6102300
2024-04-03,157.7899932861328,158.0500030517578,154.25,154.25999450683594,8098200
2024-04-04,155.30999755859375,155.5,152.41000366210938,152.5,6947400
2024-04-05,152.02999877929688,153.00999450683594,151.61000061035156,152.38999938964844,6783000
2024-04-08,151.99000549316406,153.0399932861328,151.55999755859375,151.58999633789062,5935400
2024-04-09,151.5500030517578,152.52999877929688,150.94000244140625,152.2899932861328,6135300
2024-04-10,151.52999877929688,151.82000732421875,149.75999450683594,150.1999969482422,6809500
2024-04-11,150.8000030517578,150.8699951171875,148.38999938964844,148.7899932861328,8374400
2024-04-12,148.05999755859375,149.07000732421875,147.14999389648438,147.52000427246094,7100200
2024-04-15,148.3699951171875,149.49000549316406,147.3699951171875,147.58999633789062,8502300
2024-04-16,145.00999450683594,146.25,143.38999938964844,144.4499969482422,12774900
2024-04-17,145.0,145.41000366210938,143.5399932861328,144.77000427246094,9378100
2024-04-18,144.97999572753906,145.8000030517578,143.1300048828125,145.74000549316406,9887700
2024-04-19,146.14999389648438,148.1300048828125,144.5399932861328,147.91000366210938,9750800
2024-04-22,148.50999450683594,150.27000427246094,147.3000030517578,149.1199951171875,10118700
2024-04-23,149.86000061035156,150.49000549316406,148.1999969482422,149.55999755859375,10110400
2024-04-24,148.13999938964844,148.99000549316406,146.86000061035156,148.52999877929688,9756300
2024-04-25,149.3699951171875,149.5800018310547,146.3300018310547,146.82000732421875,7642700
2024-04-26,146.6999969482422,147.17999267578125,145.9499969482422,146.13999938964844,6183000
2024-04-29,146.13999938964844,147.22000122070312,145.99000549316406,146.82000732421875,6149600
2024-04-30,146.8800048828125,146.8800048828125,144.52999877929688,144.58999633789062,8817700
2024-05-01,148.74000549316406,151.85000610351562,147.6199951171875,151.17999267578125,14470900
2024-05-02,152.0399932861328,152.3300018310547,149.13999938964844,149.9199981689453,8459800
2024-05-03,149.88999938964844,149.88999938964844,147.82000732421875,149.27000427246094,6532700
2024-05-06,149.8699951171875,150.0500030517578,147.91000366210938,148.5800018310547,5042800
2024-05-07,149.3800048828125,149.72999572753906,148.4499969482422,148.72000122070312,7333500
2024-05-08,149.1199951171875,149.72999572753906,148.6999969482422,148.9499969482422,7735100
2024-05-09,148.97999572753906,150.10000610351562,148.88999938964844,149.85000610351562,6546200
2024-05-10,150.0,150.08999633789062,149.19000244140625,149.91000366210938,5710600
2024-05-13,150.0399932861328,152.0,149.7100067138672,151.22000122070312,5628500
2024-05-14,151.85000610351562,152.2100067138672,150.6999969482422,151.3800048828125,8254200
2024-05-15,151.82000732421875,152.9499969482422,151.3000030517578,152.6699981689453,5548000
2024-05-16,153.0,154.3800048828125,152.3300018310547,154.27999877929688,7591000
2024-05-17,154.86000061035156,154.86000061035156,153.7100067138672,154.63999938964844,6521800
2024-05-20,153.10000610351562,153.38999938964844,151.25999450683594,151.27000427246094,7742300
2024-05-21,151.77999877929688,152.58999633789062,150.7899932861328,151.24000549316406,5492400
2024-05-22,150.83999633789062,154.0800018310547,150.32000732421875,153.5,6609800
2024-05-23,152.75,152.83999633789062,149.3800048828125,149.6999969482422,8000400
2024-05-24,149.52999877929688,149.80999755859375,146.75999450683594,146.97000122070312,9520600
2024-05-28,146.7899932861328,146.7899932861328,144.14999389648438,144.3800048828125,10499800
2024-05-29,143.82000732421875,145.4199981689453,143.7100067138672,144.44000244140625,8263800
2024-05-30,144.6199951171875,145.61000061035156,144.02000427246094,145.27999877929688,8490300
2024-05-31,145.57000732421875,147.47999572753906,145.19000244140625,146.6699981689453,14621200
2024-06-03,147.25,148.89999389648438,146.77000427246094,147.74000549316406,7329200
2024-06-04,147.47999572753906,148.30999755859375,146.19000244140625,147.8000030517578,8876400
2024-06-05,147.97000122070312,147.99000549316406,145.85000610351562,145.97000122070312,5891300
2024-06-06,145.5,147.0,144.66000366210938,146.4199981689453,5016300
2024-06-07,146.67999267578125,148.3000030517578,146.33999633789062,147.0800018310547,5111600
2024-06-10,146.52999877929688,147.55999755859375,145.60000610351562,147.1300048828125,5749900
2024-06-11,146.80999755859375,147.16000366210938,145.44000244140625,146.75999450683594,5661200
2024-06-12,147.05999755859375,147.2100067138672,144.77999877929688,145.41000366210938,6180500
2024-06-13,145.07000732421875,146.0,143.8800048828125,145.4499969482422,6840400
2024-06-14,145.13999938964844,145.97000122070312,144.47999572753906,145.5399932861328,4075300
2024-06-17,145.02000427246094,146.42999267578125,144.74000549316406,145.9499969482422,6666600
2024-06-18,145.9600067138672,146.38999938964844,145.25999450683594,145.64999389648438,6156600
2024-06-20,145.27000427246094,148.0800018310547,145.00999450683594,147.77999877929688,8749700
2024-06-21,147.88999938964844,149.0800018310547,147.3699951171875,148.75,15172300
2024-06-24,149.0,149.72000122070312,148.1699981689453,149.1199951171875,6914700
2024-06-25,149.17999267578125,149.1999969482422,146.94000244140625,147.19000244140625,5912500
2024-06-26,146.1999969482422,147.19000244140625,145.77999877929688,146.82000732421875,5267800
2024-06-27,146.8000030517578,147.36000061035156,144.83999633789062,145.8000030517578,5739200
2024-06-28,146.0399932861328,147.07000732421875,145.64999389648438,146.16000366210938,10495700
2024-07-01,146.07000732421875,148.6999969482422,145.6199951171875,146.44000244140625,5144400
2024-07-02,146.42999267578125,147.14999389648438,145.74000549316406,146.02999877929688,5492000
2024-07-03,146.1999969482422,146.64999389648438,144.74000549316406,145.69000244140625,3246200
2024-07-05,145.77000427246094,146.5500030517578,144.5,146.47999572753906,4888500
2024-07-08,146.39999389648438,147.22000122070312,145.25,145.47999572753906,5260200
2024-07-09,145.6699981689453,147.1300048828125,145.17999267578125,147.0500030517578,5890400
2024-07-10,147.25999450683594,149.47000122070312,146.67999267578125,149.42999267578125,6093200
2024-07-11,149.5800018310547,150.5800018310547,148.63999938964844,149.6999969482422,6350400
2024-07-12,150.0,150.8800048828125,149.24000549316406,149.8800048828125,5336400
2024-07-15,150.0800018310547,150.25,148.8699951171875,149.24000549316406,6711400
2024-07-16,149.69000244140625,151.0800018310547,149.16000366210938,151.00999450683594,6469600
2024-07-17,151.5500030517578,157.49000549316406,151.4199981689453,156.5800018310547,13801400
2024-07-18,155.60000610351562,157.07000732421875,154.6199951171875,155.4199981689453,10166200
2024-07-19,156.50999450683594,156.50999450683594,154.1199951171875,154.69000244140625,7398000
2024-07-22,154.77000427246094,155.11000061035156,153.58999633789062,154.24000549316406,6840600
2024-07-23,153.30999755859375,153.5,151.57000732421875,152.35000610351562,6261900
2024-07-24,152.75999450683594,156.41000366210938,152.3300018310547,156.27999877929688,7168200
2024-07-25,156.47999572753906,160.5800018310547,156.0,159.63999938964844,10019600
2024-07-26,159.75,161.5800018310547,159.47000122070312,160.63999938964844,8356900
2024-07-29,159.97000122070312,160.0,158.0500030517578,158.55999755859375,5625000
2024-07-30,158.5399932861328,161.5500030517578,158.36000061035156,161.3300018310547,6545700
2024-07-31,159.85000610351562,160.35000610351562,157.74000549316406,157.85000610351562,8293200
2024-08-01,158.47999572753906,160.80999755859375,157.7100067138672,160.75999450683594,7213400
2024-08-02,161.89999389648438,164.85000610351562,161.0,164.13999938964844,11280400
2024-08-05,163.7899932861328,165.77999877929688,160.5800018310547,161.25,12032200
2024-08-06,161.0500030517578,161.47999572753906,158.94000244140625,158.97000122070312,7607100
2024-08-07,158.8699951171875,160.6199951171875,158.19000244140625,158.89999389648438,5993000
2024-08-08,158.57000732421875,160.6999969482422,158.02999877929688,160.22000122070312,5094800
2024-08-09,160.1199951171875,160.92999267578125,159.33999633789062,160.6199951171875,4579200
2024-08-12,160.97000122070312,161.6999969482422,158.7100067138672,159.8800048828125,7605400
2024-08-13,160.27000427246094,160.3699951171875,156.44000244140625,158.38999938964844,9711400
2024-08-14,157.8300018310547,159.5500030517578,157.39999389648438,158.47999572753906,5141200
2024-08-15,158.3699951171875,159.5,157.83999633789062,159.08999633789062,7237800
2024-08-16,159.13999938964844,159.94000244140625,158.17999267578125,159.38999938964844,5012800
2024-08-19,159.4600067138672,160.2899932861328,159.1300048828125,159.6300048828125,4408400
2024-08-20,160.0,160.92999267578125,159.6699981689453,160.16000366210938,7275100
2024-08-21,160.39999389648438,161.47999572753906,160.30999755859375,161.42999267578125,5019400
2024-08-22,162.0,162.49000549316406,160.7899932861328,162.35000610351562,6552100
2024-08-23,162.5,164.22000122070312,161.6999969482422,164.1300048828125,7093400
2024-08-26,164.1699981689453,165.7100067138672,163.5399932861328,164.61000061035156,6870600
2024-08-27,163.5,164.0399932861328,162.16000366210938,162.9499969482422,4388700
2024-08-28,163.0,165.0,162.7100067138672,163.9199981689453,5187000
2024-08-29,164.6300048828125,164.72000122070312,163.36000061035156,164.22999572753906,7390100
2024-08-30,164.1199951171875,165.97999572753906,163.80999755859375,165.86000061035156,7971000
2024-09-03,165.24000549316406,167.80999755859375,164.77000427246094,167.16000366210938,6956500
2024-09-04,167.80999755859375,168.85000610351562,166.0399932861328,167.36000061035156,6939100
2024-09-05,167.1999969482422,167.3699951171875,164.8300018310547,164.99000549316406,4600400
2024-09-06,165.17999267578125,165.94000244140625,164.1199951171875,164.3800048828125,6016900
2024-09-09,164.83999633789062,167.41000366210938,164.47000122070312,166.61000061035156,7538200
2024-09-10,167.5,168.4600067138672,166.75,167.3800048828125,6559600
2024-09-11,166.7899932861328,166.7899932861328,164.08999633789062,164.82000732421875,5920200
2024-09-12,164.1999969482422,165.10000610351562,162.7100067138672,164.63999938964844,4540900
2024-09-13,164.74000549316406,165.75,163.82000732421875,165.52000427246094,3693400
2024-09-16,166.36000061035156,167.25,165.77999877929688,166.99000549316406,5187800
2024-09-17,166.24000549316406,167.72000122070312,165.92999267578125,167.07000732421875,5066500
2024-09-18,166.6300048828125,168.35000610351562,165.74000549316406,166.14999389648438,4722800
2024-09-19,166.22999572753906,166.3699951171875,164.4199981689453,164.82000732421875,4956100
2024-09-20,164.3000030517578,164.8699951171875,163.5500030517578,164.16000366210938,11839000
2024-09-23,164.39999389648438,164.5,162.72000122070312,163.22000122070312,4671600
2024-09-24,162.7899932861328,163.49000549316406,161.5500030517578,162.77999877929688,6041600
2024-09-25,163.0,163.32000732421875,160.36000061035156,160.60000610351562,5420000
2024-09-26,160.24000549316406,161.5399932861328,160.02000427246094,161.38999938964844,6122000
2024-09-27,162.0,163.42999267578125,161.33999633789062,161.39999389648438,7553800
2024-09-30,161.57000732421875,162.17999267578125,160.67999267578125,162.05999755859375,6010000
2024-10-01,162.42999267578125,162.75,161.17999267578125,161.99000549316406,4408000
2024-10-02,161.50999450683594,162.1199951171875,160.64999389648438,161.1699981689453,4684400
2024-10-03,160.77999877929688,161.44000244140625,160.22000122070312,160.5,4791200
2024-10-04,159.6300048828125,160.5,158.77999877929688,160.2899932861328,5331100
2024-10-07,160.25,160.86000061035156,159.22000122070312,159.52999877929688,4266000
2024-10-08,159.49000549316406,160.25,158.9499969482422,159.69000244140625,4766300
2024-10-09,159.9199981689453,161.22000122070312,159.50999450683594,160.64999389648438,6047200
2024-10-10,161.36000061035156,161.38999938964844,160.0,160.50999450683594,4793900
2024-10-11,162.17999267578125,162.66000366210938,161.1999969482422,161.4600067138672,5253500
2024-10-14,161.39999389648438,162.13999938964844,160.89999389648438,161.60000610351562,5964000
2024-10-15,160.0,166.75,159.0,164.10000610351562,10548000
2024-10-16,164.0,164.99000549316406,162.63999938964844,164.27999877929688,5982100
2024-10-17,164.25999450683594,165.0,163.6300048828125,164.47000122070312,4798000
2024-10-18,164.88999938964844,165.2899932861328,163.92999267578125,165.1199951171875,5908000
2024-10-21,165.10000610351562,165.25,162.30999755859375,162.8300018310547,6082700
2024-10-22,162.32000732421875,163.72999572753906,161.89999389648438,163.4499969482422,5680300
2024-10-23,162.82000732421875,166.0,162.4199981689453,165.86000061035156,7441600
2024-10-24,165.0,165.50999450683594,163.33999633789062,163.6699981689453,5386300
2024-10-25,163.67999267578125,163.9199981689453,160.61000061035156,160.8800048828125,6400400
2024-10-28,161.1300048828125,161.97000122070312,161.0,161.60000610351562,4842500
2024-10-29,161.4600067138672,162.1699981689453,160.05999755859375,160.08999633789062,5216900
2024-10-30,159.4499969482422,161.27999877929688,159.02999877929688,160.61000061035156,5820500
2024-10-31,159.99000549316406,160.8699951171875,159.4600067138672,159.86000061035156,8613900
2024-11-01,160.5800018310547,161.05999755859375,159.8800048828125,160.1300048828125,5256400
2024-11-04,159.6999969482422,160.27999877929688,158.07000732421875,158.24000549316406,4644000
2024-11-05,157.6699981689453,158.58999633789062,156.35000610351562,158.35000610351562,6547100
2024-11-06,159.89999389648438,160.85000610351562,157.35000610351562,157.8800048828125,8926600
2024-11-07,158.47000122070312,158.75,156.50999450683594,156.72999572753906,7522800
2024-11-08,157.0,157.0800018310547,155.41000366210938,155.47000122070312,8926100
2024-11-11,155.6199951171875,157.5800018310547,154.91000366210938,155.0399932861328,7146800
2024-11-12,154.52999877929688,155.0399932861328,152.3699951171875,152.63999938964844,7181400
2024-11-13,152.5,153.50999450683594,151.4199981689453,153.24000549316406,7161900
2024-11-14,153.17999267578125,153.58999633789062,150.75999450683594,151.8699951171875,7716400
2024-11-15,150.89999389648438,154.42999267578125,150.89999389648438,154.0,11328500
2024-11-18,152.58999633789062,155.3300018310547,152.3300018310547,154.77000427246094,7510600
2024-11-19,153.9499969482422,153.99000549316406,152.0500030517578,153.0,8233700
2024-11-20,153.02999877929688,153.25,151.80999755859375,153.11000061035156,9061300
2024-11-21,153.6199951171875,156.05999755859375,152.80999755859375,155.5,10141100
2024-11-22,155.89999389648438,157.1199951171875,154.11000061035156,155.1699981689453,8266000
2024-11-25,155.1699981689453,157.0399932861328,155.13999938964844,155.77999877929688,12256200
2024-11-26,155.16000366210938,155.25,153.16000366210938,154.52000427246094,5683500
2024-11-27,154.6300048828125,156.6300048828125,154.60000610351562,155.39999389648438,4140400
2024-11-29,154.88999938964844,155.6699981689453,154.1699981689453,155.00999450683594,5687800
2024-12-02,154.75,155.0,153.92999267578125,154.8000030517578,6946500
2024-12-03,154.8000030517578,154.8000030517578,152.30999755859375,152.36000061035156,8674400
2024-12-04,151.2899932861328,151.55999755859375,149.75,150.47000122070312,10333100
2024-12-05,150.0,150.3800048828125,148.9499969482422,149.52000427246094,7898100
2024-12-06,149.38999938964844,150.0500030517578,148.3800048828125,149.30999755859375,8389600
2024-12-09,149.2899932861328,150.88999938964844,148.44000244140625,149.60000610351562,8410300
2024-12-10,149.92999267578125,150.8300018310547,148.3300018310547,149.22999572753906,9398700
2024-12-11,148.5,148.5,146.3699951171875,146.63999938964844,13446700
2024-12-12,147.1999969482422,147.77000427246094,146.00999450683594,146.24000549316406,6176300
2024-12-13,145.66000366210938,146.92999267578125,145.0399932861328,146.6199951171875,8324900
2024-12-16,146.72999572753906,147.25,143.52000427246094,143.85000610351562,8732400
2024-12-17,143.83999633789062,146.66000366210938,143.7100067138672,146.41000366210938,10343000
2024-12-18,145.67999267578125,146.74000549316406,144.6699981689453,144.75,9336100
2024-12-19,144.13999938964844,145.22000122070312,143.3699951171875,143.5800018310547,9516700
2024-12-20,143.0500030517578,145.47000122070312,142.75,144.47000122070312,17702800
2024-12-23,144.6300048828125,145.3300018310547,143.4499969482422,145.27000427246094,8720800
2024-12-24,145.0,145.85000610351562,144.3300018310547,145.85000610351562,3164100
2024-12-26,145.50999450683594,146.3699951171875,145.08999633789062,145.5800018310547,4656300
2024-12-27,144.8699951171875,146.60000610351562,144.67999267578125,145.0500030517578,5588300
2024-12-30,144.83999633789062,144.8800048828125,142.9499969482422,143.33999633789062,6268700
2024-12-31,143.75999450683594,144.6699981689453,143.30999755859375,144.6199951171875,5811400
2025-01-02,145.22999572753906,145.77000427246094,143.77999877929688,144.02000427246094,6051300
2025-01-03,144.07000732421875,144.57000732421875,143.6199951171875,144.19000244140625,5878800
2025-01-06,143.50999450683594,144.82000732421875,142.92999267578125,143.66000366210938,7910500
2025-01-07,143.75999450683594,147.17999267578125,143.58999633789062,146.22999572753906,8422000
2025-01-08,145.49000549316406,145.58999633789062,141.44000244140625,142.27000427246094,11175600
2025-01-10,141.0,143.6699981689453,140.67999267578125,142.05999755859375,8821500
2025-01-13,142.97999572753906,145.07000732421875,142.30999755859375,144.47000122070312,10376400
2025-01-14,144.5,144.80999755859375,142.86000061035156,144.75,8681700
2025-01-15,145.30999755859375,146.0500030517578,144.25999450683594,144.97000122070312,7434600
2025-01-16,144.32000732421875,148.07000732421875,144.05999755859375,147.77000427246094,8964000
2025-01-17,147.44000244140625,148.3800048828125,146.61000061035156,147.02999877929688,10773100
2025-01-21,147.55999755859375,148.86000061035156,147.0500030517578,148.14999389648438,11111700
2025-01-22,144.0,145.47000122070312,142.11000061035156,145.27000427246094,16834700
2025-01-23,145.44000244140625,147.91000366210938,144.80999755859375,146.63999938964844,10506400
2025-01-24,146.80999755859375,147.6300048828125,146.3800048828125,146.82000732421875,9887300
2025-01-27,148.4499969482422,153.4499969482422,148.0,152.88999938964844,15152300
2025-01-28,152.66000366210938,152.97000122070312,150.3000030517578,150.3800048828125,10320600
2025-01-29,150.5,151.8800048828125,150.0,151.14999389648438,7156400
2025-01-30,151.91000366210938,154.13999938964844,151.36000061035156,152.8699951171875,8911000
2025-01-31,152.6199951171875,153.17999267578125,152.05999755859375,152.14999389648438,8457800
2025-02-03,152.0,152.47000122070312,150.77999877929688,151.8699951171875,6687500
2025-02-04,151.36000061035156,154.17999267578125,150.9499969482422,153.49000549316406,9645000
2025-02-05,153.82000732421875,154.72999572753906,153.30999755859375,154.69000244140625,8947000
2025-02-06,154.7899932861328,154.83999633789062,153.3800048828125,153.50999450683594,7418100
2025-02-07,153.52999877929688,154.49000549316406,152.8000030517578,153.1199951171875,6204900
2025-02-10,153.61000061035156,154.3699951171875,152.2899932861328,154.24000549316406,6936200
2025-02-11,154.11000061035156,156.38999938964844,153.94000244140625,156.1300048828125,7554500
2025-02-12,155.27000427246094,155.66000366210938,154.27000427246094,155.25999450683594,7746000
2025-02-13,155.25999450683594,158.1300048828125,154.7899932861328,157.25,10704700
2025-02-14,157.2899932861328,157.47000122070312,156.05999755859375,156.14999389648438,6411800
2025-02-18,154.13999938964844,155.4499969482422,153.24000549316406,154.99000549316406,9670700
2025-02-19,155.0,158.3000030517578,154.75,157.88999938964844,7974700
2025-02-20,156.9499969482422,159.9499969482422,156.9499969482422,159.67999267578125,7224000
2025-02-21,159.8800048828125,163.50999450683594,159.27999877929688,162.3000030517578,12546900
2025-02-24,162.67999267578125,164.8699951171875,162.0500030517578,163.74000549316406,10201900
2025-02-25,164.10000610351562,166.42999267578125,163.94000244140625,166.08999633789062,12303700
2025-02-26,165.0800018310547,165.1300048828125,162.55999755859375,163.0800018310547,11396400
2025-02-27,162.30999755859375,163.9499969482422,161.72999572753906,163.72999572753906,8364600
2025-02-28,164.30999755859375,165.94000244140625,162.6999969482422,165.02000427246094,12037200
2025-03-03,164.9600067138672,167.3300018310547,164.83999633789062,167.27999877929688,9191500
2025-03-04,168.0800018310547,169.99000549316406,165.32000732421875,165.4199981689453,11999700
2025-03-05,164.50999450683594,166.4600067138672,163.52999877929688,165.1199951171875,8744800
2025-03-06,165.0,165.8699951171875,163.50999450683594,165.8300018310547,8037900
2025-03-07,165.1300048828125,168.4600067138672,164.6999969482422,166.69000244140625,9637600
2025-03-10,167.47999572753906,169.89999389648438,167.0500030517578,167.6999969482422,17559000
2025-03-11,167.1999969482422,167.3000030517578,165.0500030517578,165.86000061035156,9890300
2025-03-12,163.72999572753906,164.2100067138672,162.22999572753906,162.85000610351562,8010700
2025-03-13,163.42999267578125,164.5399932861328,162.66000366210938,162.99000549316406,5286700
2025-03-14,162.1199951171875,163.14999389648438,161.10000610351562,162.80999755859375,6235800
2025-03-17,162.41000366210938,163.5,161.72999572753906,162.83999633789062,6669800
2025-03-18,163.44000244140625,164.86000061035156,162.97000122070312,164.25,7348800
2025-03-19,163.97000122070312,164.36000061035156,162.2100067138672,162.99000549316406,5936400
2025-03-20,163.0,163.1999969482422,161.92999267578125,163.02000427246094,7485900
2025-03-21,163.0,164.1300048828125,162.47999572753906,163.6300048828125,17047100
2025-03-24,162.83999633789062,164.38999938964844,162.5,163.2899932861328,8046400
2025-03-25,163.52000427246094,164.19000244140625,160.55999755859375,161.02000427246094,7456200
2025-03-26,161.2100067138672,162.49000549316406,160.63999938964844,161.72000122070312,7223500
2025-03-27,162.35000610351562,164.07000732421875,161.32000732421875,163.1300048828125,6752500
2025-03-28,163.58999633789062,164.52000427246094,162.91000366210938,163.7100067138672,5760300
2025-03-31,164.3699951171875,166.6300048828125,164.22999572753906,165.83999633789062,12481400
2025-04-01,160.72999572753906,161.80999755859375,153.1300048828125,153.25,23303100
2025-04-02,154.00999450683594,155.7899932861328,153.4499969482422,155.36000061035156,10356900
2025-04-03,158.75,160.64999389648438,157.47999572753906,159.82000732421875,13249300
2025-04-04,159.16000366210938,159.82000732421875,152.92999267578125,153.24000549316406,16601700
2025-04-07,151.27999877929688,152.7100067138672,147.39999389648438,150.6199951171875,18083000
2025-04-08,153.58999633789062,153.58999633789062,148.0,150.0,12018400
2025-04-09,142.1999969482422,153.19000244140625,141.5,150.97000122070312,18773700
2025-04-10,150.3699951171875,151.1999969482422,145.1300048828125,148.69000244140625,13830500
2025-04-11,149.3300018310547,152.35000610351562,148.19000244140625,151.72999572753906,9943900
2025-04-14,151.58999633789062,154.6699981689453,151.1699981689453,154.36000061035156,10685300
2025-04-15,155.6999969482422,156.3000030517578,152.10000610351562,153.6199951171875,10847700
2025-04-16,155.3699951171875,155.6300048828125,152.24000549316406,153.91000366210938,7986900
2025-04-17,154.16000366210938,159.44000244140625,154.16000366210938,157.47000122070312,10981100
2025-04-21,157.9600067138672,158.22999572753906,155.49000549316406,156.9199981689453,6285400
2025-04-22,157.5500030517578,158.72000122070312,156.25999450683594,157.75,7136300
2025-04-23,156.49000549316406,157.10000610351562,154.3300018310547,155.3800048828125,9099400
2025-04-24,155.8000030517578,155.89999389648438,153.44000244140625,154.92999267578125,8310400
2025-04-25,154.32000732421875,154.89999389648438,152.4499969482422,154.5800018310547,8643600
2025-04-28,155.5,155.80999755859375,153.82000732421875,155.35000610351562,5815200
2025-04-29,155.4499969482422,157.02000427246094,154.2899932861328,155.91000366210938,5246700
2025-04-30,158.1999969482422,158.1999969482422,155.02000427246094,156.30999755859375,9598200
2025-05-01,155.0,155.08999633789062,153.36000061035156,154.4600067138672,7325800
2025-05-02,156.07000732421875,156.72000122070312,155.0399932861328,156.1199951171875,5974500
2025-05-05,156.6699981689453,156.7899932861328,154.72999572753906,155.0,5464100
2025-05-06,154.82000732421875,155.89999389648438,153.69000244140625,154.47000122070312,8644200
2025-05-07,154.74000549316406,157.94000244140625,154.5,157.3000030517578,7853100
2025-05-08,155.82000732421875,157.02999877929688,154.77999877929688,155.66000366210938,7606100
2025-05-09,155.4199981689453,156.05999755859375,153.80999755859375,154.22000122070312,6520400
2025-05-12,152.02000427246094,155.36000061035156,151.17999267578125,154.13999938964844,9023800
2025-05-13,151.6999969482422,151.6999969482422,148.0800018310547,148.44000244140625,10549600
2025-05-14,148.6699981689453,148.82000732421875,146.1199951171875,146.36000061035156,10216000
2025-05-15,148.0,149.64999389648438,147.3300018310547,149.61000061035156,7945800
2025-05-16,149.6699981689453,151.5,149.22000122070312,151.3300018310547,8051200
2025-05-19,151.88999938964844,152.66000366210938,151.0500030517578,152.49000549316406,12639900
2025-05-20,152.3300018310547,154.0399932861328,152.1199951171875,153.66000366210938,7351500
2025-05-21,153.19000244140625,154.42999267578125,153.0,153.17999267578125,7032200
2025-05-22,152.64999389648438,153.32000732421875,151.3699951171875,152.61000061035156,7535300
2025-05-23,153.0,153.47999572753906,152.2100067138672,152.94000244140625,6727300
2025-05-27,152.52000427246094,154.0399932861328,151.92999267578125,153.25,6990700
2025-05-28,153.27999877929688,153.63999938964844,151.92999267578125,152.42999267578125,8459300
2025-05-29,151.75,154.0399932861328,151.55999755859375,153.5800018310547,6810600
2025-05-30,153.89999389648438,155.7100067138672,153.22000122070312,155.2100067138672,15529700
2025-06-02,154.47999572753906,155.5399932861328,152.3000030517578,155.39999389648438,6669300
2025-06-03,154.8000030517578,155.66000366210938,154.0800018310547,154.4199981689453,8209800
2025-06-04,154.92999267578125,154.92999267578125,153.1300048828125,153.22000122070312,6983900
2025-06-05,153.67999267578125,154.08999633789062,152.63999938964844,153.66000366210938,5295400
2025-06-06,154.0,156.02999877929688,154.0,155.02999877929688,5391500
2025-06-09,154.85000610351562,155.99000549316406,154.4499969482422,155.22999572753906,5319000
2025-06-10,155.42999267578125,157.44000244140625,155.02000427246094,156.4499969482422,6791600
2025-06-11,156.3000030517578,156.60000610351562,154.72999572753906,155.25999450683594,6016000
2025-06-12,156.24000549316406,156.67999267578125,155.1699981689453,156.66000366210938,7075500
2025-06-13,155.97000122070312,157.6699981689453,155.97000122070312,157.10000610351562,6587500
2025-06-16,156.4199981689453,156.5,154.4499969482422,155.22000122070312,7024000
2025-06-17,154.97000122070312,155.27999877929688,152.10000610351562,152.3800048828125,6407100
2025-06-18,152.57000732421875,152.64999389648438,150.7100067138672,150.72999572753906,8325200
2025-06-20,151.25999450683594,151.39999389648438,149.0399932861328,149.7899932861328,22605500
2025-06-23,149.74000549316406,151.42999267578125,149.74000549316406,151.32000732421875,7397900
2025-06-24,151.5,152.72000122070312,150.97999572753906,152.19000244140625,9544200
2025-06-25,151.3800048828125,153.07000732421875,150.72999572753906,152.27999877929688,7153700
2025-06-26,152.6999969482422,153.22000122070312,151.52999877929688,152.00999450683594,7156900
2025-06-27,152.00999450683594,153.3300018310547,151.00999450683594,152.41000366210938,10010800
2025-06-30,152.16000366210938,152.97000122070312,151.52000427246094,152.75,9039300
2025-07-01,153.0,157.75,152.80999755859375,155.9199981689453,10896700
2025-07-02,156.0,156.3000030517578,155.07000732421875,155.55999755859375,5544000
2025-07-03,155.42999267578125,156.27999877929688,154.8800048828125,156.00999450683594,3482500
2025-07-07,156.02000427246094,156.35000610351562,154.88999938964844,155.27000427246094,6270900
2025-07-08,154.47999572753906,156.75999450683594,154.2100067138672,155.7899932861328,6438200
2025-07-09,155.7899932861328,156.69000244140625,155.07000732421875,156.27999877929688,6147400
2025-07-10,156.10000610351562,159.24000549316406,155.82000732421875,157.69000244140625,6732900
2025-07-11,157.08999633789062,157.17999267578125,155.17999267578125,156.89999389648438,7872000
2025-07-14,156.8699951171875,157.47000122070312,155.52000427246094,156.82000732421875,10185600
2025-07-15,156.36000061035156,157.19000244140625,154.8000030517578,155.1699981689453,6873200
2025-07-16,160.3000030517578,166.1199951171875,159.8000030517578,164.77999877929688,22134800
2025-07-17,163.17999267578125,164.6999969482422,162.3000030517578,162.97999572753906,11295700
2025-07-18,163.92999267578125,165.10000610351562,163.36000061035156,163.6999969482422,9792600
2025-07-21,163.77000427246094,164.9199981689453,162.77999877929688,164.36000061035156,8254000
2025-07-22,165.0,168.05999755859375,164.7100067138672,167.92999267578125,9288000
2025-07-23,168.60000610351562,169.1199951171875,166.58999633789062,169.10000610351562,10617600
2025-07-24,169.5,169.99000549316406,168.8800048828125,169.55999755859375,6636900
2025-07-25,169.75,169.8800048828125,167.44000244140625,168.3000030517578,6254900
2025-07-28,167.86000061035156,167.94000244140625,165.0500030517578,166.22000122070312,8014600
2025-07-29,166.6699981689453,168.77999877929688,166.3699951171875,168.11000061035156,7663400
2025-07-30,167.6999969482422,168.61000061035156,166.77999877929688,167.25999450683594,6189200
2025-07-31,165.92999267578125,167.07000732421875,164.22999572753906,164.74000549316406,11036200
2025-08-01,165.47999572753906,167.6199951171875,164.7899932861328,167.3300018310547,8927800
2025-08-04,167.02999877929688,171.19000244140625,166.63999938964844,171.0399932861328,12679100
2025-08-05,170.5399932861328,171.55999755859375,169.64999389648438,170.74000549316406,7934400
2025-08-06,169.91000366210938,172.17999267578125,169.67999267578125,170.58999633789062,8957200
2025-08-07,171.1699981689453,171.6199951171875,169.9199981689453,171.52999877929688,9315900
2025-08-08,171.02000427246094,173.9600067138672,170.38999938964844,173.3300018310547,7686800
2025-08-11,173.39999389648438,174.60000610351562,173.0500030517578,173.82000732421875,7256800
2025-08-12,174.0,174.75999450683594,171.80999755859375,172.77999877929688,7916700
2025-08-13,173.0,174.5399932861328,172.6999969482422,174.4199981689453,5878700
2025-08-14,174.30999755859375,175.72000122070312,172.72000122070312,174.72000122070312,8241700
2025-08-15,175.57000732421875,177.27000427246094,174.9600067138672,176.63999938964844,9477600
2025-08-18,176.5,177.57000732421875,176.10000610351562,176.25,9284000
2025-08-19,176.0399932861328,178.17999267578125,175.97999572753906,177.8000030517578,9274200
2025-08-20,178.5,180.61000061035156,178.0,178.83999633789062,9030000
2025-08-21,178.5500030517578,180.0800018310547,178.16000366210938,178.92999267578125,8859600
2025-08-22,180.0399932861328,181.16000366210938,177.47000122070312,179.2899932861328,9524000
2025-08-25,179.52000427246094,180.25999450683594,178.2899932861328,178.41000366210938,6229100
2025-08-26,176.75,177.16000366210938,175.77000427246094,176.49000549316406,9145000
2025-08-27,176.97000122070312,177.69000244140625,176.16000366210938,176.7899932861328,5951100
2025-08-28,176.3699951171875,176.49000549316406,174.6300048828125,175.4499969482422,6424700
2025-08-29,175.97000122070312,177.41000366210938,175.4499969482422,177.1699981689453,6942300
2025-09-02,177.47000122070312,179.1999969482422,176.88999938964844,178.05999755859375,9049000
2025-09-03,177.6699981689453,178.2899932861328,176.52999877929688,178.0,7111700
2025-09-04,178.0,178.89999389648438,177.5500030517578,178.75999450683594,7854800
2025-09-05,178.0,179.50999450683594,176.55999755859375,178.42999267578125,9733800
2025-09-08,177.36000061035156,179.4499969482422,176.6999969482422,178.1300048828125,8382500
2025-09-09,178.0,178.08999633789062,176.4499969482422,176.9600067138672,6005700
2025-09-10,176.3000030517578,176.61000061035156,174.3300018310547,175.7899932861328,6891600
2025-09-11,175.75,178.85000610351562,175.6300048828125,178.5,5792500
2025-09-12,177.7100067138672,178.8000030517578,176.72000122070312,178.05999755859375,7220200
2025-09-15,177.75999450683594,178.99000549316406,176.92999267578125,177.39999389648438,4768100
2025-09-16,177.57000732421875,177.6199951171875,175.64999389648438,176.4600067138672,7959300
2025-09-17,176.7100067138672,178.50999450683594,176.58999633789062,177.1999969482422,6714900
2025-09-18,176.60000610351562,177.02000427246094,173.8699951171875,174.16000366210938,8200900
2025-09-19,174.69000244140625,177.16000366210938,173.3300018310547,176.19000244140625,25621000
2025-09-22,176.08999633789062,176.63999938964844,174.1199951171875,174.2100067138672,7193900
2025-09-23,174.88999938964844,176.97000122070312,174.8300018310547,176.5800018310547,8350400
2025-09-24,176.13999938964844,176.9499969482422,175.74000549316406,176.69000244140625,6676800
2025-09-25,177.1999969482422,178.39999389648438,175.91000366210938,177.72999572753906,8475000
2025-09-26,178.60000610351562,179.91000366210938,177.32000732421875,179.7100067138672,8634400
2025-09-29,179.8300018310547,181.8699951171875,179.8000030517578,181.6199951171875,8597100
2025-09-30,181.6999969482422,185.99000549316406,181.07000732421875,185.4199981689453,11569000
2025-10-01,186.0,186.55999755859375,183.91000366210938,186.0500030517578,13063800
2025-10-02,184.19000244140625,186.58999633789062,184.08999633789062,185.97999572753906,7728100
2025-10-03,187.05999755859375,189.77999877929688,186.91000366210938,188.63999938964844,8675100
2025-10-06,188.0,189.9199981689453,187.3699951171875,188.16000366210938,5806100
2025-10-07,183.77000427246094,189.22999572753906,182.94000244140625,188.88999938964844,8776800
2025-10-08,188.8699951171875,190.22000122070312,188.27000427246094,189.69000244140625,5751200
2025-10-09,190.0,192.10000610351562,189.72999572753906,191.0800018310547,7484800
2025-10-10,192.00999450683594,192.07000732421875,189.85000610351562,190.72000122070312,9598000
2025-10-13,189.8300018310547,191.3000030517578,189.27999877929688,190.89999389648438,7979500
2025-10-14,192.9199981689453,194.39999389648438,185.8800048828125,190.85000610351562,13613300
2025-10-15,191.47999572753906,193.57000732421875,189.3000030517578,191.1699981689453,9473000
2025-10-16,191.33999633789062,193.0500030517578,190.42999267578125,192.1199951171875,10611800
2025-10-17,192.5,193.60000610351562,191.67999267578125,193.22000122070312,7764400
2025-10-20,193.5,194.47999572753906,192.3300018310547,193.72000122070312,8034700
2025-10-21,193.00999450683594,193.5500030517578,191.77000427246094,191.8800048828125,6716000
2025-10-22,192.0,193.4499969482422,191.77999877929688,192.94000244140625,6343100
2025-10-23,192.55999755859375,194.0,191.5399932861328,192.47000122070312,8882500
2025-10-24,192.1999969482422,192.30999755859375,189.4199981689453,190.39999389648438,6903400
2025-10-27,189.99000549316406,190.8000030517578,189.52999877929688,190.3000030517578,7126000
2025-10-28,189.25999450683594,189.50999450683594,186.6199951171875,186.92999267578125,8329500
2025-10-29,186.6999969482422,187.10000610351562,184.66000366210938,186.60000610351562,10551100
2025-10-30,187.0800018310547,189.3800048828125,186.91000366210938,189.0500030517578,7072500
2025-10-31,187.4600067138672,189.5,186.75999450683594,188.8699951171875,8791700
2025-11-03,189.0,189.02999877929688,185.52000427246094,186.25999450683594,7542600
2025-11-04,186.8300018310547,187.82000732421875,185.6199951171875,186.86000061035156,7209400
2025-11-05,186.63999938964844,187.8300018310547,185.39999389648438,186.0,5049400
2025-11-06,186.75999450683594,187.52000427246094,185.3699951171875,186.97000122070312,6767400
2025-11-07,187.74000549316406,188.35000610351562,185.6999969482422,186.57000732421875,6959200
2025-11-10,186.0,188.4199981689453,185.1199951171875,188.41000366210938,5323800
2025-11-11,189.38999938964844,193.9199981689453,189.0500030517578,193.8300018310547,7465600
2025-11-12,193.36000061035156,195.5500030517578,193.07000732421875,194.38999938964844,8803000
2025-11-13,194.2100067138672,196.0,193.4499969482422,195.25,8631600
2025-11-14,195.0,197.17999267578125,193.5500030517578,195.92999267578125,8824800
2025-11-17,196.9600067138672,200.27999877929688,195.89999389648438,199.5800018310547,13257000
2025-11-18,199.00999450683594,200.3000030517578,198.52999877929688,200.0,12468600
2025-11-19,200.0,203.47999572753906,199.3800048828125,202.50999450683594,14690800
2025-11-20,202.0,204.50999450683594,201.57000732421875,203.07000732421875,10612600
2025-11-21,203.9600067138672,206.94000244140625,202.99000549316406,203.89999389648438,13189100
2025-11-24,203.7100067138672,206.1199951171875,203.0,206.0500030517578,14803900
2025-11-25,205.17999267578125,207.72000122070312,205.17999267578125,206.6699981689453,10275300
2025-11-26,206.49000549316406,207.80999755859375,205.94000244140625,207.55999755859375,6729000
2025-11-28,207.0,207.4600067138672,204.6300048828125,206.9199981689453,5638300
2025-12-01,206.5,207.6999969482422,205.33999633789062,205.33999633789062,8473700
2025-12-02,205.24000549316406,205.61000061035156,203.10000610351562,205.4199981689453,8393600
2025-12-03,205.89999389648438,207.02000427246094,204.99000549316406,205.3300018310547,8363300
2025-12-04,204.58999633789062,204.86000061035156,201.7100067138672,202.47999572753906,9049900
2025-12-05,202.97999572753906,203.4499969482422,200.80999755859375,201.92999267578125,7785300
2025-12-08,202.66000366210938,203.25999450683594,200.99000549316406,201.6199951171875,7785700
2025-12-09,202.9199981689453,205.5399932861328,199.91000366210938,199.9600067138672,7509400
2025-12-10,200.58999633789062,206.8000030517578,200.17999267578125,206.5399932861328,11599800
2025-12-11,207.89999389648438,211.24000549316406,207.8300018310547,210.00999450683594,9009000
2025-12-12,210.27999877929688,212.27000427246094,208.9600067138672,211.5800018310547,6922700
2025-12-15,210.35000610351562,215.19000244140625,209.00999450683594,214.1699981689453,8467000
2025-12-16,214.0,214.72999572753906,208.80999755859375,209.3000030517578,9949800
2025-12-17,209.38999938964844,211.52000427246094,208.4600067138672,210.3300018310547,8457600
2025-12-18,209.8000030517578,211.05999755859375,207.75999450683594,208.30999755859375,7499900
2025-12-19,207.55999755859375,209.24000549316406,206.02999877929688,206.3699951171875,24803900
2025-12-22,206.1300048828125,208.0800018310547,205.5,207.32000732421875,8187800
2025-12-23,205.02000427246094,206.52999877929688,203.27999877929688,205.77999877929688,7047300
2025-12-24,206.0,207.94000244140625,205.57000732421875,207.77999877929688,2376500
2025-12-26,207.52999877929688,208.0399932861328,206.7100067138672,207.6300048828125,2316700
2025-12-29,208.0,209.47000122070312,207.3800048828125,207.55999755859375,4348900
2025-12-30,207.50999450683594,207.69000244140625,206.52000427246094,206.91000366210938,3937400
2025-12-31,206.91000366210938,207.5,206.3699951171875,206.9499969482422,4083800
2026-01-02,206.82000732421875,207.38999938964844,203.67999267578125,207.35000610351562,6325500
2026-01-05,205.8699951171875,205.94000244140625,200.91000366210938,204.30999755859375,9477000
2026-01-06,204.60000610351562,206.7100067138672,204.1199951171875,204.7899932861328,8107900
2026-01-07,205.25999450683594,208.25999450683594,205.02999877929688,207.49000549316406,7545900
2026-01-08,206.92999267578125,208.97999572753906,204.97000122070312,205.75,6557800
2026-01-09,205.91000366210938,206.6999969482422,204.00999450683594,204.38999938964844,6154300
2026-01-12,205.5500030517578,209.89999389648438,203.85000610351562,209.72000122070312,11794300
2026-01-13,209.91000366210938,214.38999938964844,208.86000061035156,213.64999389648438,11379600
2026-01-14,214.72999572753906,218.86000061035156,214.14999389648438,218.5500030517578,11858800
2026-01-15,218.22999572753906,219.75,215.91000366210938,219.57000732421875,8492100
2026-01-16,219.0399932861328,220.11000061035156,218.13999938964844,218.66000366210938,10021500
2026-01-20,217.08999633789062,218.72999572753906,214.5,218.2100067138672,14057100
2026-01-21,211.0,218.67999267578125,210.5,218.00999450683594,14762900
2026-01-22,218.77000427246094,222.1699981689453,218.10000610351562,218.49000549316406,13160000
2026-01-23,219.8000030517578,221.2100067138672,217.83999633789062,220.13999938964844,6950600
2026-01-26,220.2100067138672,222.02999877929688,220.0,221.49000549316406,6856700
2026-01-27,222.0,225.5,220.6999969482422,224.44000244140625,8154100
2026-01-28,226.39999389648438,228.57000732421875,226.0800018310547,227.72000122070312,9026500
2026-01-29,228.80999755859375,230.0,227.0800018310547,227.2899932861328,9645300
2026-01-30,228.25999450683594,228.5,225.3300018310547,227.25,11045500
2026-02-02,228.32000732421875,231.19000244140625,227.25,230.75,8187500
2026-02-03,231.5,235.1999969482422,230.47999572753906,233.10000610351562,9346600
2026-02-04,235.0,235.8300018310547,232.94000244140625,234.47000122070312,8641400
2026-02-05,235.0,239.5800018310547,234.99000549316406,237.7899932861328,10267500
2026-02-06,238.9600067138672,240.94000244140625,237.97999572753906,239.99000549316406,8274000
2026-02-09,240.25,240.74000549316406,237.0399932861328,238.63999938964844,9378500
2026-02-10,239.97999572753906,240.5,237.8800048828125,238.35000610351562,6723300
2026-02-11,239.33999633789062,241.25999450683594,237.39999389648438,240.86000061035156,6803900
2026-02-12,240.47999572753906,246.35000610351562,239.67999267578125,244.5500030517578,10254300
2026-02-13,244.58999633789062,244.9499969482422,242.61000061035156,243.4499969482422,13268500
2026-02-17,244.1300048828125,244.49000549316406,241.8699951171875,243.3300018310547,12703000
2026-02-18,243.24000549316406,245.07000732421875,242.82000732421875,244.99000549316406,8129700
2026-02-19,244.6199951171875,246.9600067138672,244.27000427246094,246.91000366210938,7553900
2026-02-20,246.47000122070312,246.8800048828125,240.27999877929688,242.49000549316406,13565800
2026-02-23,243.6300048828125,246.80999755859375,242.60000610351562,245.83999633789062,9622700
2026-02-24,245.35000610351562,247.25,244.5399932861328,246.27999877929688,7246300
2026-02-25,244.86000061035156,247.25,243.72000122070312,245.1699981689453,7698200
2026-02-26,245.11000061035156,245.47000122070312,242.02000427246094,243.47000122070312,7172600
2026-02-27,244.02999877929688,248.94000244140625,242.5,248.42999267578125,16428600
2026-03-02,249.19000244140625,251.7100067138672,246.8699951171875,248.55999755859375,9042400
2026-03-03,246.4600067138672,247.8800048828125,244.36000061035156,246.75,6178700
2026-03-04,245.75,246.57000732421875,243.17999267578125,245.3000030517578,5768000
2026-03-05,242.6300048828125,243.0,235.92999267578125,239.6300048828125,9375400
2026-03-06,238.1199951171875,240.7899932861328,235.42999267578125,240.39999389648438,7179800
2026-03-09,240.8699951171875,244.08999633789062,240.0399932861328,242.58999633789062,7844000
2026-03-10,242.3000030517578,245.0,240.82000732421875,243.7100067138672,7214100
2026-03-11,242.8699951171875,243.69000244140625,241.36000061035156,242.99000549316406,6933200
2026-03-12,241.4600067138672,244.39999389648438,240.3000030517578,242.0399932861328,7710200
2026-03-13,244.2100067138672,245.58999633789062,241.5,241.52000427246094,6415300
2026-03-16,243.9199981689453,245.05999755859375,241.6699981689453,243.19000244140625,7571500
2026-03-17,243.5800018310547,244.13999938964844,237.22000122070312,238.11000061035156,7281800
2026-03-18,237.8699951171875,239.11000061035156,235.4199981689453,237.27999877929688,6811500
2026-03-19,238.33999633789062,239.25999450683594,236.30999755859375,237.60000610351562,7511500
2026-03-20,236.8300018310547,238.2899932861328,234.5,235.3699951171875,17156600
2026-03-23,237.39999389648438,238.30999755859375,234.25,235.4199981689453,7313700
2026-03-24,234.13999938964844,236.0,232.24000549316406,235.27000427246094,9046200
2026-03-25,236.8000030517578,241.4600067138672,235.72999572753906,239.92999267578125,6456400
2026-03-26,240.0,241.64999389648438,238.92999267578125,239.24000549316406,5171400
2026-03-27,241.19000244140625,242.67999267578125,239.1300048828125,240.4499969482422,7617600
2026-03-30,243.49000549316406,244.2100067138672,240.50999450683594,242.49000549316406,7241300
2026-03-31,243.00999450683594,245.3300018310547,242.64999389648438,244.44000244140625,7554200
2026-04-01,245.60000610351562,247.1999969482422,243.74000549316406,244.1199951171875,6314600
2026-04-02,245.11000061035156,247.2100067138672,241.8699951171875,243.0399932861328,6878700
2026-04-06,242.64999389648438,243.52000427246094,240.5,240.97000122070312,4442400
2026-04-07,240.77999877929688,240.77999877929688,236.00999450683594,238.41000366210938,6241100
2026-04-08,236.63999938964844,241.3300018310547,233.89999389648438,241.3000030517578,8771100
2026-04-09,241.3000030517578,244.1999969482422,240.5399932861328,241.30999755859375,6216500
2026-04-10,242.0,242.25999450683594,237.91000366210938,238.4600067138672,7354500
2026-04-13,237.7100067138672,238.38999938964844,235.17999267578125,237.9600067138672,7663600
2026-04-14,235.00999450683594,242.19000244140625,233.25,240.10000610351562,10318700
2026-04-15,239.94000244140625,240.4199981689453,236.75,238.6699981689453,6463500
2026-04-16,237.4199981689453,238.13999938964844,232.1199951171875,234.5399932861328,8668900
2026-04-17,234.36000061035156,235.5399932861328,232.0399932861328,234.17999267578125,8946300
2026-04-20,234.80999755859375,235.25999450683594,229.52999877929688,230.69000244140625,7810500
2026-04-21,229.35000610351562,229.69000244140625,224.6999969482422,226.16000366210938,11681200
2026-04-22,226.17999267578125,227.47999572753906,223.77999877929688,226.10000610351562,9003400
2026-04-23,227.25,231.38999938964844,227.02999877929688,230.64999389648438,7097600
2026-04-24,229.02999877929688,229.99000549316406,227.02000427246094,227.5,6067500
2026-04-27,225.77000427246094,227.91000366210938,224.35000610351562,225.33999633789062,7897800
2026-04-28,227.72999572753906,231.02999877929688,226.3699951171875,227.7899932861328,7174800
